[name]
Robot's heaven
[color]
150, 150, 255
[time]
600
[robot]
1
[data]
57
                |
                |
   -    T       |
        T       |
        T       |
 -v#    -- #    |
 ! #   - !2# 2 b|
 ! #  -  ! #   b|
-- ---   -------|
         !     !|
         !     !|
         !     !|
         !     !|
  ^      !   3 !|
v--   v- -v--- -|
                |
                |
                |
                |
^         ^     |
-       ---   --|
                |
                |
                |
                |
    #       #   |
    #     4 #   |
 #  # ^  #  #   |
 #  ---  # --   |
 #       #-     |
 - 6     -      |
  -b            |
   -b        -v |
    - -3    -   |
     - -  --    |
        -       |
         -      |
  ---           |
                |
             -  |
             !  |
             !  |
          4  -  |
           b    |
           b    |
    4     --v   |
   4            |
  4 -#       #  |
#  - #  #    #  |
# -  #  #    #^ |
#-   -  #    -- |
-       --      |
   # #     # #  |
   # #     # #  |
   # #     #^#  |
>>>>>>>>    --  |
                |
[demo]
294
0
0
0
0
0
0
0
0
0
0
0
0
0
0
0
0
0
0
0
0
0
0
0
0
0
0
0
0
0
0
0
0
0
0
0
0
0
0
4
4
4
4
4
4
4
4
4
4
4
4
4
4
4
4
0
0
0
0
0
0
4
4
4
4
4
4
4
4
4
4
4
4
4
0
0
0
0
0
0
0
0
0
0
0
0
0
0
0
1
1
1
0
0
0
0
0
0
0
0
0
0
0
0
0
0
0
0
0
0
0
0
0
0
0
0
0
0
0
0
0
0
0
0
0
0
0
0
0
0
0
0
0
0
0
4
4
4
4
4
4
4
4
4
4
4
4
4
4
4
4
4
4
4
0
0
1
1
1
1
0
0
0
0
0
0
0
0
0
0
0
0
0
0
0
0
0
0
0
0
0
0
0
0
0
0
0
0
0
0
0
0
0
0
0
0
0
0
16
16
16
16
16
0
0
0
0
0
16
16
16
16
16
0
0
0
0
0
0
0
0
0
4
4
4
4
4
4
4
4
4
4
4
4
4
4
4
4
4
4
4
4
4
4
4
4
4
0
0
0
0
0
0
0
0
0
0
0
0
0
0
0
0
0
0
0
0
0
0
0
0
0
0
0
0
0
0
0
0
0
0
0
0
0
0
0
0
0
0
0
0
0
0
0
0
