[name]
Enemies everywhere
[color]
205, 235, 175
[time]
1200
[robot]
5
[data]
116
---             |
b! !            |
 ! bbbbb    v-- |
3!1bbbbb  b  T -|
---------    T  |
         -5- T  |
             -  |
          -     |
           -  - |
 -          ^   |
            -  -|
  -      .v     |
    -   -v      |
   - -          |
       -        |
      -         |
                |
v  .            |
 -.             |
                |
                |
                |
                |
    5444        |
                |
                |
         ^^     |
      - ---     |
  ---- -        |
 .              |
                |
^               |
-              >|
              > |
             >  |
            >   |
           >    |
          v     |
                |
                |
                |
                |
                |
          ^     |
> > > > > -  v> |
     . . .      |
                |
     7          |
                |
          5     |
5            ^  |
             -- |
-            v  |
     #       # v|
     #       #  |
#    #  #    # ^|
#    .  #   - --|
#    - 5#       |
-          -    |
  v             |
  ^     - -  b  |
  -   #  1   ^# |
--    #  .   -#-|
      #       # |
      -       - |
 #b--    #1     |
-#-  ....#......|
 #       #      |
 -   7   v      |
  # #     # #   |
  # #     # #   |
  # #-   ^# #  1|
----- v  -------|
                |
                |
                |
    1 ^         |
    - --        |
    v   -       |
         -  4   |
          -     |
            -5  |
                |
           v    |
               -|
    ^       >>  |
.>  -  #   ^  v#|
     - #   -   #|
      -#      ^#|
       >   6  --|
3       >       |
bb   v   >      |
          >     |
 4-        -    |
            -   |
-- --        - >|
              1 |
    5         . |
    b           |
 v-- ^          |
     -          |
                |
1               |
-.--        3- -|
 ^      ->->> 7 |
 -     -        |
  #  -.   #     |
  # -     # 4   |
  #-      #     |
.>-   .   >     |
      v  v!    -|
         .!   - |
 3  3   > !  -  |
 b  b  >  ! -   |
b -   ^  ^!-    |
   - --  --     |
[demo]
1001
0
0
0
0
0
0
0
0
0
0
0
0
0
0
0
0
0
0
16
16
16
0
0
0
0
0
0
0
0
0
0
0
0
0
0
0
0
8
8
8
24
24
8
8
8
8
8
8
8
8
8
8
8
8
8
8
0
0
0
0
0
0
0
16
16
16
0
0
0
0
0
0
0
0
0
0
0
0
0
0
0
8
8
8
8
8
8
8
8
24
24
24
24
24
24
24
24
8
8
8
8
8
8
8
8
8
8
8
8
8
8
8
8
8
8
8
8
8
8
0
0
0
0
0
0
0
0
0
8
8
8
8
8
8
8
8
8
8
8
8
8
8
8
8
8
8
8
8
8
8
8
8
8
8
8
8
8
8
8
0
0
0
0
0
0
0
0
0
0
0
0
0
0
0
1
1
1
0
0
0
0
0
0
0
0
0
0
0
0
0
0
0
0
0
0
0
0
0
0
0
0
0
0
0
0
0
0
8
8
8
8
8
8
8
8
8
0
0
0
0
0
0
0
0
0
0
0
0
0
0
0
0
0
0
0
0
0
0
4
4
4
4
4
4
4
4
4
4
4
4
4
4
4
4
4
4
4
4
0
0
0
8
8
8
0
0
4
4
4
4
4
4
4
4
4
4
0
0
0
0
0
0
0
0
0
0
0
0
0
0
0
0
0
0
0
0
0
0
0
0
0
0
8
8
8
8
8
8
8
8
8
8
8
8
8
8
8
8
8
8
8
8
8
8
8
8
8
8
8
8
8
8
8
8
8
8
8
8
8
8
8
8
8
8
8
8
8
8
8
8
8
8
8
8
8
8
8
8
8
8
8
8
8
0
0
0
0
0
0
0
0
0
0
0
0
0
0
0
0
0
0
0
0
8
8
24
24
24
24
8
8
8
8
8
8
8
8
8
8
8
8
8
8
8
8
0
0
0
0
0
0
0
0
0
8
8
24
24
24
8
8
8
8
8
8
8
8
8
8
8
8
8
8
8
8
8
8
8
8
8
8
8
8
8
8
8
8
8
8
8
8
8
8
8
8
8
8
8
8
8
8
8
8
8
8
8
8
24
24
24
24
8
8
8
8
8
8
8
8
8
8
8
8
0
0
0
0
0
0
0
0
0
1
1
1
0
0
0
0
0
0
0
0
0
0
0
0
0
0
0
0
0
0
0
0
0
0
0
0
0
0
0
8
8
8
8
8
8
8
8
0
1
1
1
1
0
0
0
0
0
0
0
0
0
0
0
0
0
0
0
0
0
0
0
0
0
0
0
0
0
0
0
8
8
8
8
8
8
8
8
8
8
8
8
8
8
8
8
8
8
8
0
0
0
0
0
0
0
0
0
0
0
0
0
0
0
0
8
8
8
8
8
8
8
8
8
8
8
8
8
8
8
8
8
8
8
8
8
8
8
8
8
8
8
8
8
8
8
8
8
8
8
8
8
8
8
8
8
8
8
8
8
8
8
8
0
0
0
0
0
0
0
0
0
0
0
0
0
0
0
0
0
8
8
8
8
8
8
8
8
8
8
8
8
8
8
8
8
8
8
8
8
8
8
8
8
8
8
8
8
8
0
0
0
0
0
1
1
1
1
0
0
0
0
0
0
0
0
0
0
0
0
0
0
0
0
0
0
0
0
0
8
8
8
8
8
8
8
8
8
1
1
1
0
0
0
0
0
0
0
0
0
0
0
0
0
0
0
0
0
0
0
0
0
0
0
0
0
0
0
0
0
0
0
0
0
0
8
8
8
8
8
8
8
8
8
8
8
8
8
8
8
8
8
8
8
8
8
8
8
8
8
8
8
8
8
8
8
8
8
8
8
8
8
8
8
8
8
8
8
8
8
8
8
8
8
8
8
8
8
8
8
8
8
24
24
24
24
8
8
8
8
8
8
8
8
8
8
8
8
8
8
8
8
8
8
8
8
8
8
8
8
8
8
8
8
8
8
8
0
16
16
16
0
0
8
8
8
8
8
8
8
8
8
8
8
8
8
8
8
8
8
8
8
8
8
8
8
8
8
8
8
8
8
8
8
8
8
24
24
24
24
24
8
8
8
8
8
8
8
8
8
8
8
8
8
8
8
8
8
8
8
8
8
8
8
8
8
8
8
8
8
8
8
8
8
8
8
8
8
8
8
0
0
0
0
0
0
0
0
0
0
0
0
0
0
0
0
0
0
0
0
0
0
0
0
0
0
0
0
0
0
0
0
0
0
0
0
0
0
0
0
0
0
0
0
0
0
0
0
0
0
0
0
0
0
0
0
0
0
0
