[name]
Slippery slide
[color]
163, 120, 88
[time]
800
[robot]
3
[data]
67
                |
                |
         T      |
         T      |
         T      |
 v-      ---v   |
  !        !    |
  !        !    |
  !  2 2   !    |
  ----.-----    |
      .         |
      .         |
      .         |
      .         |
      .         |
      --..-     |
                |
                |
            ^   |
           --   |
                |
 3              |
 ^ -            |
 -- -.-         |
       -        |
        -       |
         - 4    |
     -v-  - 4   |
           -    |
       #    -  #|
    6  #     - #|
       #      -#|
   --- ----    -|
           -    |
            -   |
                |
    3           |
 v---           |
    !-^ 44      |
- # ! -   #     |
  # !     #     |
# # !  -# #     |
#b-v-   # -     |
#     # #-    # |
-b    # -     # |
    3 #       #-|
 ^  ---       - |
 -              |
                |
                |
     #       #  |
#    #  #    #  |
#  ^ #  #    #  |
#  ---  #    -  |
-       -v    -.|
  b             |
  b      b      |
  >>>>>v        |
 -       ^      |
-        -------|
    4           |
                |
   - - ^        |
  -   4-        |
 -              |
-   . .    -----|
                |
[demo]
920
0
0
0
0
0
0
0
0
0
0
0
0
4
4
4
0
0
0
0
0
0
0
0
0
0
0
4
4
4
0
0
0
0
4
4
4
4
4
4
4
4
4
4
4
4
4
0
0
0
0
4
4
4
4
4
4
4
4
4
4
4
4
4
4
4
4
4
4
0
0
0
0
0
0
0
0
0
8
8
8
8
0
0
0
0
0
0
0
0
0
0
0
0
0
0
0
0
0
0
0
0
0
0
0
0
0
0
0
0
0
8
8
8
8
8
8
8
8
8
8
8
8
8
8
8
8
0
0
0
0
0
0
0
0
0
0
0
0
0
8
8
8
8
8
8
8
8
8
8
8
8
8
8
8
8
8
8
8
8
8
8
8
8
8
8
8
8
8
8
8
8
8
8
8
8
8
8
8
8
8
8
8
8
8
8
0
0
0
0
0
0
0
0
0
0
0
0
0
0
8
8
8
8
8
24
24
24
24
24
8
8
8
8
8
8
8
8
0
0
0
0
0
0
0
0
0
0
0
0
0
0
0
0
0
0
0
0
0
0
0
0
0
0
0
0
0
0
8
8
8
8
8
24
24
24
8
8
8
8
8
8
8
8
8
8
0
0
0
1
1
1
1
0
0
0
0
0
0
0
0
0
0
0
0
0
0
0
4
4
4
4
4
4
4
4
4
4
4
4
4
4
4
4
4
4
4
4
4
4
4
4
4
4
4
4
4
4
4
4
4
4
4
4
4
4
4
4
4
4
4
0
0
0
0
4
4
4
4
4
4
4
4
4
16
16
16
0
0
0
0
0
0
0
16
16
16
16
20
4
4
4
4
4
4
4
0
0
16
16
16
16
16
16
4
4
4
4
4
4
4
4
4
4
4
4
4
4
4
4
4
4
4
4
4
4
4
4
4
4
4
4
4
0
0
0
0
0
0
0
4
4
4
4
4
4
0
0
0
0
0
0
0
0
0
0
0
0
0
0
0
0
0
0
0
0
0
0
0
0
0
8
8
8
0
0
0
0
0
0
0
0
8
8
8
8
8
8
8
8
8
8
8
8
8
8
8
8
8
8
8
8
8
8
8
8
8
8
8
8
8
8
8
0
0
0
0
0
0
0
8
8
8
8
8
8
24
24
24
8
8
8
8
8
8
8
8
8
0
0
0
0
0
0
0
0
0
0
0
0
0
0
0
0
0
0
0
0
0
0
0
0
0
0
0
0
0
0
0
0
0
0
0
0
0
8
8
8
24
24
24
24
8
8
8
8
8
8
8
8
8
8
0
0
0
0
0
0
0
0
0
0
4
4
4
4
4
0
0
0
0
0
0
1
1
1
0
0
0
0
0
0
0
0
0
0
0
0
0
0
0
0
0
4
4
4
4
4
4
4
4
4
4
4
4
4
4
4
4
4
4
4
4
4
4
4
4
4
4
4
4
4
4
4
4
4
4
4
4
4
4
4
4
4
4
4
4
4
4
4
4
4
4
4
4
4
4
4
4
4
4
4
4
4
4
4
4
4
4
4
4
4
4
4
4
4
4
4
4
4
4
4
4
4
4
4
4
4
4
4
4
4
4
4
4
4
4
4
4
4
4
4
4
4
4
4
4
4
0
4
4
4
4
4
4
4
4
4
4
4
4
4
4
0
0
0
0
0
0
0
0
0
0
0
0
0
8
8
8
8
8
8
8
8
8
8
8
8
8
8
8
8
8
8
8
8
8
8
8
8
8
8
8
8
8
8
8
8
8
8
8
8
8
8
8
8
8
8
8
8
8
8
8
8
8
8
8
8
8
8
8
8
8
8
8
8
8
8
8
8
8
8
8
8
8
8
8
8
8
8
8
8
8
0
0
0
0
0
0
0
0
0
4
4
4
4
4
0
0
0
0
0
0
0
0
0
0
4
4
4
4
4
4
4
0
0
0
0
0
0
0
0
0
0
0
0
0
0
0
0
0
0
0
0
0
0
0
0
0
0
0
0
0
0
0
0
0
0
0
0
0
0
0
0
0
0
0
0
0
0
0
0
0
0
0
0
0
0
0
0
0
0
0
0
0
0
0
0
0
0
0
0
0
0
0
0
0
0
0
0
0
