[name]
Ventilation Shafts
[color]
79, 159, 73
[time]
700
[robot]
6
[data]
81
 -              |
                |
                |
 5     #    T  #|
       #    T  #|
       #3   T  #|
   v------..----|
        !       |
        !       |
        !       |
        !       |
-.-.    !   v---|
    -  #!      #|
     - #!      #|
      -#!      #|
---^   --      -|
   -    ! 4     |
        -v.-    |
           !    |
           !    |
           !    |
#       #  !    |
#4      #  !    |
#       #^ !    |
----v   .-v-..--|
           !  ! |
           !  ! |
           !  ! |
           !  ! |
           !  ! |
   -.-v    !^ ! |
   ! !     -- ! |
   ! !     b  b |
   ! ! #   b  b#|
   !#! #   b#vb#|
   !#! #   b# b#|
-..-#!   -^-#^--|
   ! !    - --  |
   ! !          |
   ! !          |
  #b !    #     |
  #!3!    #     |
- #-.-^--2# ---v|
 --   -  -.-!   |
            !   |
            !   |
            !   |
  3 ^       !   |
-----       -v-.|
                |
       #       #|
       #       #|
      4#       #|
      ----.-- -.|
     -          |
    v           |
                |
5 --            |
--           +- |
!             ! |
!   ^  #      !#|
!   -- #      !#|
!     -#4    ^!#|
!      ---.-v-- |
!          !  ! |
!          !  ! |
! #       #!  ! |
- #7      #!  -.|
  #       #!    |
  .       --    |
  #      -#     |
  #     - #   3 |
- # --v-  #   -.|
 -.-      --^  ^|
            -  -|
                |
                |
                |
 7              |
----..^---------|
      !   !    !|
[demo]
460
0
0
0
0
0
0
0
0
0
0
4
4
4
4
4
4
4
4
4
4
4
4
4
4
4
4
4
4
4
4
4
4
4
4
0
0
0
0
0
0
0
0
0
0
0
0
0
0
0
0
0
4
20
20
20
20
20
4
4
4
4
4
4
4
4
4
4
4
4
4
4
4
4
4
4
4
4
4
4
4
4
4
4
4
4
4
4
4
4
4
4
4
4
4
4
4
20
20
20
20
20
4
4
4
4
4
4
4
4
4
4
4
4
4
4
4
4
4
4
4
4
4
4
4
0
0
0
0
0
0
0
0
0
0
0
0
0
0
0
0
0
0
0
0
0
1
1
1
1
0
0
0
0
0
0
0
0
0
0
0
0
0
0
0
0
0
0
0
0
0
0
0
0
0
0
0
0
0
0
0
0
0
0
0
0
0
0
0
0
4
4
4
4
4
4
0
8
8
8
8
8
8
8
8
8
8
8
8
8
8
8
8
8
8
8
8
8
8
8
8
8
8
8
8
8
8
8
8
8
8
8
8
8
8
8
8
8
8
8
8
8
0
0
0
0
0
0
0
0
0
0
8
8
0
0
0
0
0
4
4
4
4
4
4
4
4
4
4
4
4
4
4
4
4
4
4
4
4
4
4
4
4
4
4
4
4
4
4
4
4
4
4
4
4
4
4
4
4
4
4
4
4
4
4
4
4
4
4
4
4
4
0
0
0
0
0
1
1
1
1
1
0
0
0
0
0
0
0
0
0
0
0
0
0
0
0
0
0
0
0
0
0
4
4
4
4
4
4
4
4
4
4
4
4
4
4
4
4
4
4
4
4
4
4
4
4
4
4
4
4
4
4
0
0
0
0
0
0
0
0
0
0
0
0
4
4
4
4
4
4
4
4
4
4
0
0
0
0
0
0
0
0
0
0
8
8
8
8
8
8
24
24
24
24
24
24
24
0
0
0
0
0
0
0
0
0
0
0
0
0
0
0
0
0
0
0
0
0
0
0
0
0
0
0
0
0
0
0
0
0
0
0
0
0
0
0
0
0
0
0
